	id	baseMean	log2FoldChange	lfcSE	stat	pvalue	padj
NODE_61938_length_821_cov_78.356041_g20323_i0	NODE_61938_length_821_cov_78.356041_g20323_i0	1174.98713299888	4.71718199810721	0.124381524103714	37.9251020768474	0.0	0.0
NODE_54812_length_1061_cov_16.372299_g16298_i0	NODE_54812_length_1061_cov_16.372299_g16298_i0	2100.1275847435	2.69248085501333	0.0902594120341655	29.8304719068429	1.57321867822594e-195	1.28280251022543e-191
NODE_67158_length_672_cov_9.523052_g24107_i0	NODE_67158_length_672_cov_9.523052_g24107_i0	1832.79624407997	2.72947021179511	0.0972729851003881	28.0598997653688	3.0247690724055404e-173	1.6442644677596502e-169
NODE_60533_length_865_cov_411.037713_g19428_i0	NODE_60533_length_865_cov_411.037713_g19428_i0	8159.71287979889	2.24969489180727	0.0813388906762019	27.6582932605139	2.21817022057794e-168	9.04347998929628e-165
NODE_76400_length_474_cov_168.814385_g32489_i0	NODE_76400_length_474_cov_168.814385_g32489_i0	3121.43049795767	2.35127330959667	0.0884786114254283	26.5744824847118	1.3390707469412201e-155	4.367513148223501e-152
NODE_56578_length_997_cov_553.798742_g17185_i0	NODE_56578_length_997_cov_553.798742_g17185_i0	32332.9017159082	1.87306136865222	0.0710190425393145	26.3740723850978	2.7184636141051397e-153	7.38878410313778e-150
NODE_45129_length_1451_cov_574.861506_g9030_i3	NODE_45129_length_1451_cov_574.861506_g9030_i3	1048.34699665927	2.86606131750289	0.110284290121854	25.9879382125609	6.7788908417982005e-149	1.5792878835435e-145
NODE_70174_length_597_cov_351.611913_g26627_i0	NODE_70174_length_597_cov_351.611913_g26627_i0	514.0181511771	3.72321230064884	0.147262683422029	25.282795438263	4.93894475118738e-141	1.00680388752955e-137
NODE_68278_length_643_cov_757.991667_g25023_i0	NODE_68278_length_643_cov_757.991667_g25023_i0	606.914664019439	3.36004882221012	0.135580312695581	24.7827192267542	1.37690999788121e-135	2.4949609161607602e-132
NODE_82666_length_385_cov_645.608187_g38694_i0	NODE_82666_length_385_cov_645.608187_g38694_i0	35817.5929863386	2.22066052028188	0.09028186738089	24.5969715149238	1.36104494783757e-133	2.2195921009335e-130
NODE_65155_length_724_cov_329.552129_g22559_i0	NODE_65155_length_724_cov_329.552129_g22559_i0	2512.67500084507	2.15205568226422	0.088053272075703	24.440382867476	6.36859963438733e-132	9.44173843978078e-129
NODE_79762_length_423_cov_217.286842_g35802_i0	NODE_79762_length_423_cov_217.286842_g35802_i0	4112.14512188613	2.29129899836346	0.0948830611338204	24.1486622689362	7.71220744937677e-129	1.0480889923703e-125
NODE_48268_length_1320_cov_237.943618_g4427_i2	NODE_48268_length_1320_cov_237.943618_g4427_i2	496.151825287234	3.49817177437532	0.146668120670088	23.8509347388723	9.90275276916912e-126	1.2422622473816199e-122
NODE_40297_length_1668_cov_702.177231_g1000_i10	NODE_40297_length_1668_cov_702.177231_g1000_i10	606.656899965541	3.07177150729731	0.131238514483571	23.4060216193764	3.7108852655444703e-121	4.3226512078928e-118
NODE_33339_length_2018_cov_1002.840000_g8431_i2	NODE_33339_length_2018_cov_1002.840000_g8431_i2	9727.92513632949	1.81907963076771	0.0784233142799414	23.1956484811938	5.03778116419246e-119	5.477075681710039e-116
NODE_120375_length_169_cov_207.730159_g76394_i0	NODE_120375_length_169_cov_207.730159_g76394_i0	1159.44405106637	2.48190827890114	0.10706087612005	23.182215285798	6.88292943673119e-119	7.01542582838826e-116
NODE_68999_length_625_cov_920.829897_g25626_i0	NODE_68999_length_625_cov_920.829897_g25626_i0	5369.53416610057	2.13618237306486	0.0938902211282557	22.7519154539725	1.3737015149944799e-114	1.31778378273706e-111
NODE_74236_length_514_cov_289.528662_g30381_i0	NODE_74236_length_514_cov_289.528662_g30381_i0	708.001290082337	2.71300084038888	0.120807176117137	22.4572821548141	1.08633000693067e-111	9.84214986279184e-109
NODE_60195_length_876_cov_639.110444_g19232_i0	NODE_60195_length_876_cov_639.110444_g19232_i0	2727.43162088194	2.3217616964636	0.104071901276546	22.3092080377592	3.0077385542519804e-110	2.58158949172322e-107
NODE_41536_length_1610_cov_504.883854_g9030_i2	NODE_41536_length_1610_cov_504.883854_g9030_i2	750.626056946615	2.77979076130452	0.125711820034803	22.1124056634846	2.40123448420042e-108	1.95796659841702e-105
NODE_61411_length_837_cov_211.617128_g19983_i0	NODE_61411_length_837_cov_211.617128_g19983_i0	1120.81089088252	2.2387335450698	0.101944164763362	21.9603893000297	6.890621017838179e-107	5.35105940756691e-104
NODE_81920_length_394_cov_986.168091_g37951_i0	NODE_81920_length_394_cov_986.168091_g37951_i0	19831.9365299163	1.87262691518028	0.0856271880190666	21.8695365164077	5.06695537482935e-106	3.75599582966896e-103
NODE_73540_length_527_cov_338.983471_g29720_i0	NODE_73540_length_527_cov_338.983471_g29720_i0	734.281953243664	2.54364624718666	0.118620428991044	21.4435765308074	5.24257477028387e-102	3.71721345016476e-99
NODE_83988_length_370_cov_362.706422_g40011_i0	NODE_83988_length_370_cov_362.706422_g40011_i0	282.72046334008	4.88668087904248	0.228678105890125	21.3692555306997	2.5821717719269298e-101	1.75458571902435e-98
NODE_67412_length_665_cov_189.963023_g24313_i0	NODE_67412_length_665_cov_189.963023_g24313_i0	567.976159470688	2.79431378492606	0.132031827560327	21.1639408206276	2.05323837511174e-99	1.33936845685289e-96
NODE_77157_length_462_cov_334.236277_g33225_i0	NODE_77157_length_462_cov_334.236277_g33225_i0	394.597512917111	3.3794371540163	0.160281756781321	21.0843530909573	1.1071697330361502e-98	6.94450923321288e-96
NODE_59588_length_897_cov_999.225995_g18855_i0	NODE_59588_length_897_cov_999.225995_g18855_i0	10052.3604116242	1.77235502044811	0.0844023455521483	20.9988834890027	6.71450089517543e-98	4.05555854068596e-95
NODE_68836_length_629_cov_403.313993_g25489_i0	NODE_68836_length_629_cov_403.313993_g25489_i0	8147.29350785472	1.71405999747637	0.082131807401572	20.8696247130629	1.0112447948961399e-96	5.8897786125594e-94
NODE_70819_length_582_cov_601.601113_g27209_i0	NODE_70819_length_582_cov_601.601113_g27209_i0	255.3639125809	4.55222715409855	0.220810257896963	20.6160130306209	1.9715173901368698e-94	1.1086726068397301e-91
NODE_59016_length_916_cov_1004.394044_g18529_i0	NODE_59016_length_916_cov_1004.394044_g18529_i0	15541.1553322708	1.49196332647502	0.0726134992085977	20.5466386103917	8.24804382401868e-94	4.4836366227365605e-91
NODE_39135_length_1724_cov_496.291493_g9155_i1	NODE_39135_length_1724_cov_496.291493_g9155_i1	355.932536463785	3.46401585248615	0.169067335175874	20.4889717394709	2.70036236079074e-93	1.42056481870243e-90
NODE_48493_length_1309_cov_283.065561_g13547_i0	NODE_48493_length_1309_cov_283.065561_g13547_i0	3993.62284804052	1.65378083691416	0.0819428128633488	20.1821340899301	1.40545465877287e-90	7.16254830477125e-88
NODE_44334_length_1487_cov_299.011080_g12045_i0	NODE_44334_length_1487_cov_299.011080_g12045_i0	497.978796304233	3.0105316110805	0.150127440084109	20.0531735530417	1.89371070566031e-89	9.35837399633587e-87
NODE_51256_length_1198_cov_554.492641_g9873_i1	NODE_51256_length_1198_cov_554.492641_g9873_i1	524.50365984613	2.7232910279519	0.136513966345682	19.9488089083571	1.53501738808265e-88	7.36266575436819e-86
NODE_54954_length_1055_cov_409.199605_g10_i11483	NODE_54954_length_1055_cov_409.199605_g10_i11483	287.96743159954	3.69554837963481	0.186925705303056	19.7701454363558	5.38205972185902e-87	2.50773228411648e-84
NODE_52587_length_1145_cov_187.568058_g15216_i0	NODE_52587_length_1145_cov_187.568058_g15216_i0	757.731963571731	2.27027614088509	0.114971089131831	19.7464959063046	8.59806375222195e-87	3.89492287975654e-84
NODE_22759_length_2692_cov_533.601359_g2390_i6	NODE_22759_length_2692_cov_533.601359_g2390_i6	551.36487160631	2.64229580953674	0.134798297705401	19.6018484989433	1.49107825638451e-85	6.572028163545549e-83
NODE_56699_length_993_cov_366.912632_g11784_i3	NODE_56699_length_993_cov_366.912632_g11784_i3	234.102864420442	4.37595172924539	0.223627402592474	19.5680479159339	2.89561970749423e-85	1.24267805762673e-82
NODE_48839_length_1294_cov_532.666667_g13701_i0	NODE_48839_length_1294_cov_532.666667_g13701_i0	486.341065524728	2.97172089675656	0.152245452148619	19.5192753203271	7.52986359627839e-85	3.14864142379764e-82
NODE_20726_length_2850_cov_705.433915_g830_i19	NODE_20726_length_2850_cov_705.433915_g830_i19	1694.09488656327	1.75012506386213	0.0912470731828236	19.1800679497474	5.43093492951969e-82	2.2141921707651798e-79
NODE_84364_length_366_cov_1209.777090_g40386_i0	NODE_84364_length_366_cov_1209.777090_g40386_i0	17534.8895731338	1.75448917851644	0.0922303574168603	19.022903387293	1.10208205740607e-80	4.3835985834581e-78
NODE_69855_length_604_cov_673.962567_g15769_i1	NODE_69855_length_604_cov_673.962567_g15769_i1	1764.55111655915	1.85421955692078	0.0975111225382767	19.0154672477791	1.27000309084528e-80	4.93124057273924e-78
NODE_15196_length_3397_cov_257.655337_g3682_i0	NODE_15196_length_3397_cov_257.655337_g3682_i0	218.323724643332	4.34825111489107	0.229375384633395	18.9569213010401	3.87153390180126e-80	1.4683017411761599e-77
NODE_28716_length_2288_cov_302.936748_g5989_i4	NODE_28716_length_2288_cov_302.936748_g5989_i4	1673.63735059712	1.76833228046932	0.0934906156637529	18.9145431112496	8.65674276951629e-80	3.2085036610289003e-77
NODE_55067_length_1051_cov_242.860119_g10346_i5	NODE_55067_length_1051_cov_242.860119_g10346_i5	292.287936767988	3.71748097112733	0.19919976938223	18.6620746733603	1.0074283474702699e-77	3.65092033123224e-75
NODE_119872_length_171_cov_659.781250_g75891_i0	NODE_119872_length_171_cov_659.781250_g75891_i0	1039.82881017525	1.91641489491223	0.102930750882359	18.6184874635038	2.2755090858512e-77	8.06717438523075e-75
NODE_71686_length_563_cov_525.023077_g27991_i0	NODE_71686_length_563_cov_525.023077_g27991_i0	2529.88219672848	1.64331123280768	0.0883213897241119	18.6060391252998	2.8707133914548496e-77	9.96076467826503e-75
NODE_62102_length_815_cov_757.159326_g20432_i0	NODE_62102_length_815_cov_757.159326_g20432_i0	335.127594295418	3.08502800656594	0.166328647830274	18.5477850437045	8.49824302287921e-77	2.8872780670232102e-74
NODE_78064_length_448_cov_371.333333_g34118_i0	NODE_78064_length_448_cov_371.333333_g34118_i0	779.636485742878	2.1777601371256	0.117549554058645	18.526315599965	1.26668854584824e-76	4.21574628687613e-74
NODE_69133_length_622_cov_289.794473_g25741_i0	NODE_69133_length_622_cov_289.794473_g25741_i0	477.261825938103	2.58268900688361	0.140055701541393	18.4404417560987	6.22307419613256e-76	2.0297178798106e-73
NODE_69856_length_604_cov_410.035651_g26341_i0	NODE_69856_length_604_cov_410.035651_g26341_i0	455.577664818183	-3.0521782727377	0.165552834611147	-18.4362791486277	6.72102138235783e-76	2.1491454255586602e-73
NODE_3028_length_6503_cov_340.302322_g723_i0	NODE_3028_length_6503_cov_340.302322_g723_i0	239.842249565357	3.77665857147055	0.205070658771203	18.4163770385317	9.70883955889264e-76	3.04484145243118e-73
NODE_43738_length_1514_cov_810.286200_g8146_i4	NODE_43738_length_1514_cov_810.286200_g8146_i4	579.788306875938	2.36300433588825	0.129145428091882	18.2972356884911	8.70553242218177e-75	2.67867590077246e-72
NODE_58924_length_919_cov_749.850457_g11246_i5	NODE_58924_length_919_cov_749.850457_g11246_i5	311.593389304199	3.10984730650237	0.170796800984094	18.2078779496109	4.46937030545661e-74	1.3497498322479e-71
NODE_49588_length_1267_cov_412.614379_g3624_i2	NODE_49588_length_1267_cov_412.614379_g3624_i2	1409.44832134871	1.71482593519735	0.09470686473039	18.1066698816299	2.82318510459622e-73	8.37100048831913e-71
NODE_75540_length_489_cov_626.291480_g31640_i0	NODE_75540_length_489_cov_626.291480_g31640_i0	3456.27856331886	1.57462096157038	0.0874660453689848	18.002654114836	1.85702638842052e-72	5.40792613256462e-70
NODE_70484_length_590_cov_901.643510_g26906_i0	NODE_70484_length_590_cov_901.643510_g26906_i0	9295.69622553768	1.3447121413688	0.075109326380989	17.903397702541	1.10942209173585e-71	3.17411499509268e-69
NODE_22034_length_2744_cov_650.165494_g2798_i7	NODE_22034_length_2744_cov_650.165494_g2798_i7	1141.36365983502	1.90492463541937	0.106955510974283	17.810439294497	5.86477169518638e-71	1.64901201388103e-68
NODE_60497_length_866_cov_563.972053_g19407_i0	NODE_60497_length_866_cov_563.972053_g19407_i0	633.970397044111	2.30790050962007	0.129676544409353	17.7973628163214	7.40759472571598e-71	2.04750940316909e-68
NODE_36564_length_1847_cov_588.473947_g5221_i1	NODE_36564_length_1847_cov_588.473947_g5221_i1	514.932080576809	2.3722048836953	0.133595958037394	17.7565617893268	1.53344966005509e-70	4.16791617602975e-68
NODE_35442_length_1905_cov_390.280344_g9155_i0	NODE_35442_length_1905_cov_390.280344_g9155_i0	245.276776457844	3.57110796117859	0.202227216415528	17.658888968935	8.6934039263988e-70	2.32413165953626e-67
NODE_60413_length_869_cov_632.748184_g19356_i0	NODE_60413_length_869_cov_632.748184_g19356_i0	2784.50594697475	1.77662520757934	0.100929099232766	17.6027054742857	2.34833312146098e-69	6.176873636255761e-67
NODE_49972_length_1251_cov_573.134934_g14157_i0	NODE_49972_length_1251_cov_573.134934_g14157_i0	2424.74000300496	1.60370826990122	0.091470325373221	17.5325523699375	8.08570206053063e-69	2.09304173338307e-66
NODE_33364_length_2017_cov_422.059777_g6652_i2	NODE_33364_length_2017_cov_422.059777_g6652_i2	257.125361435075	3.30641933779896	0.190093516705265	17.3936460070096	9.21793288455887e-68	2.3488445231466603e-65
NODE_45916_length_1419_cov_565.553052_g9155_i3	NODE_45916_length_1419_cov_565.553052_g9155_i3	207.409716454744	3.78813559626786	0.217801286792404	17.3926226610337	9.38402204816867e-68	2.3543789471005302e-65
NODE_82740_length_384_cov_620.351906_g38768_i0	NODE_82740_length_384_cov_620.351906_g38768_i0	2403.60729812073	1.56207767190941	0.0899054492404074	17.374671781378	1.2833848909336401e-67	3.1711273941433e-65
NODE_46002_length_1415_cov_520.762391_g11331_i1	NODE_46002_length_1415_cov_520.762391_g11331_i1	2103.65347237449	1.62579504465948	0.093837810938482	17.3255857995804	3.0160854795398304e-67	7.3412420896023106e-65
NODE_87303_length_337_cov_439.826531_g43325_i0	NODE_87303_length_337_cov_439.826531_g43325_i0	987.452261277247	1.88976834798971	0.109242547585737	17.2988308104639	4.80032216095961e-67	1.15123020295484e-64
NODE_55002_length_1053_cov_656.116832_g16393_i0	NODE_55002_length_1053_cov_656.116832_g16393_i0	1320.09630385132	1.7548157962092	0.102463598231206	17.1262363073519	9.4578717059205e-66	2.2353474171036502e-63
NODE_70440_length_591_cov_873.930657_g26031_i1	NODE_70440_length_591_cov_873.930657_g26031_i1	205.244685708197	3.81769535324482	0.223271341229911	17.0989045536015	1.51219962398491e-65	3.52299306684941e-63
NODE_28026_length_2330_cov_387.234368_g10_i7182	NODE_28026_length_2330_cov_387.234368_g10_i7182	737.353445472832	2.16003782704783	0.126873957870171	17.0250685271297	5.3529771100167706e-65	1.22952606634019e-62
NODE_24548_length_2560_cov_439.382201_g5814_i2	NODE_24548_length_2560_cov_439.382201_g5814_i2	430.577135177181	2.53876357565834	0.1491773859999	17.0184211141764	5.99659205336981e-65	1.35822810008826e-62
NODE_62053_length_817_cov_316.218346_g20397_i0	NODE_62053_length_817_cov_316.218346_g20397_i0	693.408007236995	2.26684031697249	0.133580514276403	16.9698427143495	1.37299301366029e-64	3.06722877627013e-62
NODE_71137_length_575_cov_413.902256_g27494_i0	NODE_71137_length_575_cov_413.902256_g27494_i0	720.93060138268	2.17845578490925	0.12867403184121	16.9300343957325	2.70222120678692e-64	5.9551112757136496e-62
NODE_63499_length_773_cov_516.069863_g21381_i0	NODE_63499_length_773_cov_516.069863_g21381_i0	1599.32090245484	1.52193816687287	0.0914379974067566	16.64448270999	3.31821067247441e-62	7.21511728622836e-60
NODE_82829_length_383_cov_463.729412_g38857_i0	NODE_82829_length_383_cov_463.729412_g38857_i0	4406.20364678965	1.54276042227757	0.0928658440546984	16.612786304606	5.6315584426748495e-62	1.20841388267291e-59
NODE_72513_length_546_cov_602.536779_g28766_i0	NODE_72513_length_546_cov_602.536779_g28766_i0	2611.45390732527	1.3823045999339	0.0832963161516424	16.595026812679	7.570999807509329e-62	1.60347876442678e-59
NODE_43348_length_1531_cov_699.911962_g11699_i0	NODE_43348_length_1531_cov_699.911962_g11699_i0	1157.58402351433	1.68821941482221	0.101975526348572	16.5551429374491	1.4699196023910201e-61	3.0732626763837e-59
NODE_31165_length_2141_cov_253.361296_g10_i7766	NODE_31165_length_2141_cov_253.361296_g10_i7766	1062.86161618031	1.77429332611783	0.107565389655006	16.4950206735504	3.98423415621424e-61	8.22466969867618e-59
NODE_71360_length_570_cov_804.548387_g27693_i0	NODE_71360_length_570_cov_804.548387_g27693_i0	2838.01177730235	1.65516061952519	0.100550875848803	16.4609269243366	7.00199495424131e-61	1.4273566714220901e-58
NODE_30744_length_2167_cov_219.423729_g7775_i0	NODE_30744_length_2167_cov_219.423729_g7775_i0	154.047534871001	4.57572907471215	0.280068176895899	16.3379114522281	5.3038807608017e-60	1.05873398370494e-57
NODE_18852_length_3010_cov_487.663296_g10_i5081	NODE_18852_length_3010_cov_487.663296_g10_i5081	717.60650793697	1.88671039322626	0.115482107035214	16.3376859122508	5.3235336438438e-60	1.05873398370494e-57
NODE_29204_length_2258_cov_432.055079_g10_i7406	NODE_29204_length_2258_cov_432.055079_g10_i7406	201.482783178823	3.5244121102149	0.216324476877075	16.2922483904474	1.12033568963665e-59	2.2012571598306498e-57
NODE_5457_length_5280_cov_726.572656_g1281_i0	NODE_5457_length_5280_cov_726.572656_g1281_i0	451.127918361383	2.25970473103239	0.138872781897406	16.2717611050795	1.56588537740299e-59	3.04005461127237e-57
NODE_46000_length_1415_cov_650.647959_g1275_i25	NODE_46000_length_1415_cov_650.647959_g1275_i25	806.646472793967	1.79763667658654	0.110947957437195	16.202521597607	4.840101017347301e-59	9.28616086951761e-57
NODE_41737_length_1601_cov_646.466624_g8323_i4	NODE_41737_length_1601_cov_646.466624_g8323_i4	1654.18524221491	1.62024566740136	0.100015043700518	16.2000195915825	5.04110117988729e-59	9.55933465600022e-57
NODE_62876_length_792_cov_146.097463_g102_i87	NODE_62876_length_792_cov_146.097463_g102_i87	268.877375396728	2.89345741564148	0.178641626885627	16.1969943180935	5.29527453289291e-59	9.92590081407099e-57
NODE_9182_length_4279_cov_219.650378_g2172_i0	NODE_9182_length_4279_cov_219.650378_g2172_i0	149.092596769726	4.52732723218152	0.281054548581956	16.1083578082044	2.22864263601911e-58	4.130080012295409e-56
NODE_41562_length_1609_cov_628.891443_g11089_i0	NODE_41562_length_1609_cov_628.891443_g11089_i0	963.656313668524	1.68479719050151	0.104939965226675	16.0548670552947	5.28520413096252e-58	9.684394266037839e-56
NODE_75813_length_484_cov_299.852608_g31909_i0	NODE_75813_length_484_cov_299.852608_g31909_i0	146.482003322084	5.72750137035918	0.357209294695672	16.0340211058584	7.39395128823148e-58	1.3397839734275398e-55
NODE_65337_length_719_cov_516.541420_g22695_i0	NODE_65337_length_719_cov_516.541420_g22695_i0	1724.8261017232	1.65355559382173	0.103865662781419	15.9201371227137	4.59369078357156e-57	8.23229772510824e-55
NODE_36640_length_1843_cov_557.651111_g10_i8773	NODE_36640_length_1843_cov_557.651111_g10_i8773	1340.41932831171	1.6287226438854	0.102721532845131	15.8557081341549	1.28372395934879e-56	2.27554025315869e-54
NODE_85933_length_350_cov_338.478827_g41955_i0	NODE_85933_length_350_cov_338.478827_g41955_i0	553.76515518154	2.15072883092284	0.135839027540652	15.8329227605756	1.84450451827165e-56	3.23442792300796e-54
NODE_30737_length_2167_cov_346.659134_g2799_i24	NODE_30737_length_2167_cov_346.659134_g2799_i24	940.058792857025	1.69336171720732	0.107164059842023	15.801582356096	3.0340417925539297e-56	5.2637397396776e-54
NODE_40874_length_1640_cov_686.453976_g10850_i0	NODE_40874_length_1640_cov_686.453976_g10850_i0	801.501561701276	1.78017501386327	0.113007354154255	15.7527359806454	6.577299996602709e-56	1.1290800878378601e-53
NODE_58150_length_945_cov_507.737317_g18038_i0	NODE_58150_length_945_cov_507.737317_g18038_i0	1848.70661832559	1.5174892454499	0.096580593601691	15.7121548839117	1.2486190028381499e-55	2.12109153107131e-53
NODE_6252_length_5011_cov_712.653986_g1467_i0	NODE_6252_length_5011_cov_712.653986_g1467_i0	406.369285181462	2.27519527966562	0.144897935468702	15.7020544999902	1.4642217399798e-55	2.46170393150418e-53
NODE_37553_length_1800_cov_507.122368_g1052_i7	NODE_37553_length_1800_cov_507.122368_g1052_i7	914.439314342778	1.70287958022372	0.108559656317369	15.6861180109619	1.88219728292788e-55	3.13212992754978e-53
NODE_61696_length_828_cov_546.675159_g20164_i0	NODE_61696_length_828_cov_546.675159_g20164_i0	1283.28953786056	1.52833925247739	0.0978083440496616	15.6258575618189	4.85347514399002e-55	7.994997237190841e-53
NODE_18392_length_3058_cov_639.920730_g134_i6	NODE_18392_length_3058_cov_639.920730_g134_i6	286.386462868763	2.74356808290992	0.175661734580709	15.6184731379239	5.4495037869696196e-55	8.88705077579005e-53
