	id	baseMean	log2FoldChange	lfcSE	stat	pvalue	padj
NODE_69856_length_604_cov_410.035651_g26341_i0	NODE_69856_length_604_cov_410.035651_g26341_i0	719.259178007302	-4.60031286223136	0.149613135536056	-30.7480546126427	1.29824066784823e-207	1.63760077842376e-203
NODE_60660_length_861_cov_520.463325_g17614_i1	NODE_60660_length_861_cov_520.463325_g17614_i1	778.71287798984	-3.7116782730478	0.126293930829699	-29.3892053930352	7.54509446639431e-190	4.75869107995489e-186
NODE_33125_length_2030_cov_1007.464519_g8431_i1	NODE_33125_length_2030_cov_1007.464519_g8431_i1	9605.42085546945	-1.92700577970109	0.0674852876424914	-28.5544575272399	2.47287683327225e-179	1.0397622791632e-175
NODE_70396_length_592_cov_1334.981785_g26828_i0	NODE_70396_length_592_cov_1334.981785_g26828_i0	3695.34263697546	-2.15118484646517	0.076355248751487	-28.1733722519406	1.23977461769962e-174	3.90962925691575e-171
NODE_55400_length_1040_cov_442.222668_g16580_i0	NODE_55400_length_1040_cov_442.222668_g16580_i0	2392.30505606802	-2.20810363120727	0.0812777963986482	-27.1673658618529	1.57892300807746e-162	3.98330696477783e-159
NODE_54076_length_1087_cov_1069.388889_g8431_i4	NODE_54076_length_1087_cov_1069.388889_g8431_i4	10316.6508523015	-1.71009720862311	0.0654359685882332	-26.1339022790995	1.50208804725933e-150	3.15788977135487e-147
NODE_69604_length_610_cov_1117.114638_g26131_i0	NODE_69604_length_610_cov_1117.114638_g26131_i0	1799.65157705071	-2.30923393049572	0.0887708735137217	-26.0134190313985	3.49145231712085e-149	6.29159707545177e-146
NODE_52579_length_1145_cov_467.079855_g15210_i0	NODE_52579_length_1145_cov_467.079855_g15210_i0	943.022026496828	-2.67410812698183	0.104757054269203	-25.5267594687223	9.949093633597321e-144	1.56872333867746e-140
NODE_61938_length_821_cov_78.356041_g20323_i0	NODE_61938_length_821_cov_78.356041_g20323_i0	730.484671236012	3.16857515288336	0.127078762105347	24.9339472653712	3.1888839013767e-137	4.46939794799619e-134
NODE_36845_length_1834_cov_427.977666_g9563_i0	NODE_36845_length_1834_cov_427.977666_g9563_i0	792.951735379603	-2.68513646137981	0.111899847695747	-23.9958902239138	3.0695465104704398e-127	3.87192596830742e-124
NODE_60170_length_877_cov_763.161871_g14550_i1	NODE_60170_length_877_cov_763.161871_g14550_i1	1682.47991512833	-2.05066581822363	0.0877706131342356	-23.3639226729265	9.949744640890421e-121	1.14096435363811e-117
NODE_24967_length_2532_cov_403.345119_g5897_i1	NODE_24967_length_2532_cov_403.345119_g5897_i1	937.215794740012	-2.36557938879588	0.105361322004555	-22.4520663160776	1.2215937753882401e-111	1.28409865689561e-108
NODE_47577_length_1349_cov_864.607963_g8431_i3	NODE_47577_length_1349_cov_864.607963_g8431_i3	3916.86368138537	-1.80605687469754	0.0820929352397225	-22.0001498231682	2.8702889104033797e-107	2.7850634089098702e-104
NODE_31099_length_2145_cov_978.660799_g7863_i0	NODE_31099_length_2145_cov_978.660799_g7863_i0	7010.50572004321	-1.51728036566602	0.0711915236422826	-21.3126547661759	8.6640812512594e-101	7.80633720738472e-98
NODE_45254_length_1446_cov_580.512473_g12349_i0	NODE_45254_length_1446_cov_580.512473_g12349_i0	424.859931535584	-3.17200122813336	0.14887189236749	-21.3069181676235	9.79331103606788e-101	8.235521693930691e-98
NODE_61354_length_839_cov_358.285176_g18821_i2	NODE_61354_length_839_cov_358.285176_g18821_i2	2623.62952225414	-1.68601344565675	0.0795068186715327	-21.2058974793369	8.42482870422862e-100	6.64192432969623e-97
NODE_55119_length_1049_cov_440.156064_g16443_i0	NODE_55119_length_1049_cov_440.156064_g16443_i0	3154.46614764026	-1.61667281807766	0.0764135808752547	-21.156878130301	2.38500198317372e-99	1.7696714715149e-96
NODE_67636_length_659_cov_396.870130_g24498_i0	NODE_67636_length_659_cov_396.870130_g24498_i0	298.467210469827	-4.08431929003056	0.201343704532135	-20.2853091410101	1.73369699560745e-91	1.2149363279218001e-88
NODE_24058_length_2598_cov_603.844618_g5029_i3	NODE_24058_length_2598_cov_603.844618_g5029_i3	501.403218250883	-2.39846452447427	0.132419472824688	-18.1126270427737	2.53363910250246e-73	1.68206966520874e-70
NODE_59445_length_902_cov_666.019790_g13963_i2	NODE_59445_length_902_cov_666.019790_g13963_i2	1276.38682229618	-1.61949728225386	0.0904113505808382	-17.912543854832	9.41333887333579e-72	5.93699282741288e-69
NODE_67563_length_661_cov_298.501618_g24441_i0	NODE_67563_length_661_cov_298.501618_g24441_i0	1383.18004632553	-1.66292935852489	0.0939482322203046	-17.7004858870084	4.1570515832910495e-70	2.4970023176968202e-67
NODE_68319_length_642_cov_437.781302_g25060_i0	NODE_68319_length_642_cov_437.781302_g25060_i0	216.322017847983	-3.90891963929576	0.223581058430602	-17.4832325543761	1.92282830457502e-68	1.10247982881406e-65
NODE_64714_length_737_cov_385.246398_g10503_i3	NODE_64714_length_737_cov_385.246398_g10503_i3	202.146524429379	-4.04152265895203	0.23477914102436	-17.2141470546257	2.07989452395524e-66	1.14068650109441e-63
NODE_57401_length_970_cov_451.989213_g17614_i0	NODE_57401_length_970_cov_451.989213_g17614_i0	210.131504398538	-3.60100092709418	0.219757868462982	-16.3862206722339	2.3990414530196202e-60	1.26089620368289e-57
NODE_57742_length_959_cov_361.540393_g17411_i1	NODE_57742_length_959_cov_361.540393_g17411_i1	614.555705933106	-1.92244524441308	0.117631633314663	-16.3429274102703	4.8850093741837303e-60	2.46478032983814e-57
NODE_104238_length_233_cov_469.047368_g60257_i0	NODE_104238_length_233_cov_469.047368_g60257_i0	10379.4327539686	-1.20735127126338	0.0744624291176325	-16.2142342866099	4.0003212462314205e-59	1.9407712384601198e-56
NODE_84365_length_366_cov_421.201238_g40387_i0	NODE_84365_length_366_cov_421.201238_g40387_i0	167.717245683412	-4.05806439364724	0.259709329702498	-15.6254085992822	4.8877828635326394e-55	2.2834997422444702e-52
NODE_78004_length_449_cov_1460.539409_g34059_i0	NODE_78004_length_449_cov_1460.539409_g34059_i0	193.45446972607	-3.41303175563055	0.220103802979481	-15.5064642656299	3.1368314225291604e-54	1.41314255584939e-51
NODE_10455_length_4045_cov_509.713393_g10_i2982	NODE_10455_length_4045_cov_509.713393_g10_i2982	882.417999980621	-1.57612893006093	0.10222189799532	-15.4187014814878	1.22543604474738e-53	5.33022423049772e-51
NODE_104004_length_234_cov_1035.371728_g60023_i0	NODE_104004_length_234_cov_1035.371728_g60023_i0	202.238284891923	-3.89604238717546	0.252940081512972	-15.4030249530684	1.56188655102109e-53	6.56721231819335e-51
NODE_90912_length_308_cov_733.928302_g46934_i0	NODE_90912_length_308_cov_733.928302_g46934_i0	8155.17203063983	-1.22251223993759	0.0796582494876613	-15.3469634068089	3.71157544056744e-53	1.51025201959089e-50
NODE_58576_length_930_cov_438.255919_g18289_i0	NODE_58576_length_930_cov_438.255919_g18289_i0	1769.89875565627	-1.25714850255803	0.0826183555803007	-15.2163341151973	2.7554444897072203e-52	1.0861617747864699e-49
NODE_78330_length_444_cov_366.615960_g34382_i0	NODE_78330_length_444_cov_366.615960_g34382_i0	162.435637266073	-3.93852101256634	0.259411547333132	-15.1825200267919	4.61697338907639e-52	1.76480310090332e-49
NODE_61572_length_832_cov_375.176172_g13484_i2	NODE_61572_length_832_cov_375.176172_g13484_i2	170.808682349619	-6.14959153527404	0.410019605385946	-14.9982865562868	7.53392012830111e-51	2.79508436759971e-48
NODE_59148_length_912_cov_150.361335_g18600_i0	NODE_59148_length_912_cov_150.361335_g18600_i0	216.134972667086	-3.04981877458279	0.203574445228966	-14.9813439066606	9.7230866913693e-51	3.5042004435695e-48
NODE_47558_length_1350_cov_507.627391_g13172_i0	NODE_47558_length_1350_cov_507.627391_g13172_i0	150.608542622621	-3.94225056692945	0.266242841778264	-14.8069729897666	1.3205459163949399e-49	4.62704616372382e-47
NODE_60632_length_862_cov_543.514042_g1886_i14	NODE_60632_length_862_cov_543.514042_g1886_i14	249.217475133307	-2.95095388130548	0.19946507118566	-14.7943389976221	1.59341989653082e-49	5.43226988509182e-47
NODE_42179_length_1583_cov_372.043506_g11310_i0	NODE_42179_length_1583_cov_372.043506_g11310_i0	454.973090380944	-1.96457355720079	0.135220258878474	-14.5286924717871	7.97277426892306e-48	2.6465414375840902e-45
NODE_60379_length_870_cov_428.627570_g19333_i0	NODE_60379_length_870_cov_428.627570_g19333_i0	5801.67317711678	-0.995884651116683	0.0690543896533716	-14.4217428626286	3.77683326304626e-47	1.22156345589911e-44
NODE_84273_length_367_cov_1094.058642_g40295_i0	NODE_84273_length_367_cov_1094.058642_g40295_i0	139.777171973163	-3.90404151167248	0.27318432023767	-14.2908696526798	2.49474479251318e-46	7.867177703190311e-44
NODE_67280_length_668_cov_655.956800_g24212_i0	NODE_67280_length_668_cov_655.956800_g24212_i0	4032.83688977531	-1.21124313279919	0.0851375962044103	-14.2268890219905	6.23964018496752e-46	1.91967856812635e-43
NODE_104005_length_234_cov_641.649215_g60024_i0	NODE_104005_length_234_cov_641.649215_g60024_i0	23724.3654115742	-0.974290366147014	0.0687929860546387	-14.1626410194374	1.5601860180373902e-45	4.58866031005704e-43
NODE_121387_length_165_cov_721.049180_g77406_i0	NODE_121387_length_165_cov_721.049180_g77406_i0	12653.0635994558	-1.10227163665729	0.0778305262984281	-14.1624589872464	1.56423333861148e-45	4.58866031005704e-43
NODE_43848_length_1509_cov_534.407913_g10_i9967	NODE_43848_length_1509_cov_534.407913_g10_i9967	462.777997217685	-1.88234586475526	0.132975456534778	-14.1555886613028	1.7248730178749998e-45	4.944897328971639e-43
NODE_70174_length_597_cov_351.611913_g26627_i0	NODE_70174_length_597_cov_351.611913_g26627_i0	338.966787632539	2.17461123134215	0.15423125607522	14.0996791874766	3.81500042543401e-45	1.0693870081427698e-42
NODE_60414_length_869_cov_349.640436_g18821_i1	NODE_60414_length_869_cov_349.640436_g18821_i1	1212.27290730231	-1.30538063691406	0.0927227877317289	-14.0783152539682	5.16259120623741e-45	1.4156722929451899e-42
NODE_83630_length_374_cov_783.646526_g39654_i0	NODE_83630_length_374_cov_783.646526_g39654_i0	8735.69820308141	-1.08414785326149	0.0771360782271571	-14.0550035492963	7.17783154223583e-45	1.9264078100800597e-42
NODE_40210_length_1672_cov_751.866789_g7863_i2	NODE_40210_length_1672_cov_751.866789_g7863_i2	553.82891968456	-1.83343372542118	0.130493102970003	-14.050043134024	7.69871304987901e-45	2.02315763356612e-42
NODE_44142_length_1495_cov_485.632920_g11980_i0	NODE_44142_length_1495_cov_485.632920_g11980_i0	684.803803863103	-1.52519389543659	0.108944650620576	-13.9997134944094	1.56500366098065e-44	4.02876656726734e-42
NODE_83988_length_370_cov_362.706422_g40011_i0	NODE_83988_length_370_cov_362.706422_g40011_i0	174.350417736158	3.33692362206854	0.242180005993249	13.7786916322132	3.42421810485904e-43	8.63861743493839e-41
NODE_55241_length_1045_cov_477.651697_g10_i11521	NODE_55241_length_1045_cov_477.651697_g10_i11521	1693.220051236	-1.16754756757269	0.0847975497025762	-13.7686474629021	3.93511442898034e-43	9.73284968767805e-41
NODE_54277_length_1079_cov_558.207529_g10_i11424	NODE_54277_length_1079_cov_558.207529_g10_i11424	861.970973519107	-1.48546846408578	0.108987697839326	-13.6296893460004	2.6671321904011797e-42	6.469847201869319e-40
NODE_54812_length_1061_cov_16.372299_g16298_i0	NODE_54812_length_1061_cov_16.372299_g16298_i0	1533.74036018245	1.14405140738621	0.0846038930175479	13.5224440221554	1.15281240443948e-41	2.74369352256595e-39
NODE_66129_length_697_cov_402.477064_g23300_i0	NODE_66129_length_697_cov_402.477064_g23300_i0	583.704818169764	-1.61622636917094	0.119536674092034	-13.5207573863614	1.17955110835706e-41	2.75534401496591e-39
NODE_44606_length_1475_cov_431.581006_g12141_i0	NODE_44606_length_1475_cov_431.581006_g12141_i0	988.741676313097	-1.32068254640849	0.0982976115346551	-13.4355507299674	3.74273447064707e-41	8.583791384134921e-39
NODE_43849_length_1509_cov_455.465211_g10_i9968	NODE_43849_length_1509_cov_455.465211_g10_i9968	2076.62210771987	-1.13269323956839	0.0846779382465744	-13.3764858122796	8.29787941780246e-41	1.86909733886e-38
NODE_54360_length_1076_cov_686.294288_g16046_i0	NODE_54360_length_1076_cov_686.294288_g16046_i0	227.268190735275	-2.46482595301604	0.184368807861697	-13.3689965325643	9.17705305508149e-41	2.03086574099646e-38
NODE_39538_length_1704_cov_115.721854_g10431_i0	NODE_39538_length_1704_cov_115.721854_g10431_i0	112.338643955061	-4.87252642372686	0.365524815575818	-13.330220592687	1.5444032562642898e-40	3.35881080595134e-38
NODE_67158_length_672_cov_9.523052_g24107_i0	NODE_67158_length_672_cov_9.523052_g24107_i0	1331.94712170347	1.18060736297442	0.0901111861993237	13.1016737518353	3.22075744037103e-39	6.88587022929494e-37
NODE_68278_length_643_cov_757.991667_g25023_i0	NODE_68278_length_643_cov_757.991667_g25023_i0	412.576433019119	1.81230988723136	0.138626777626487	13.0733031399922	4.67888474752975e-39	9.83657536755672e-37
NODE_92686_length_295_cov_46.126984_g48707_i0	NODE_92686_length_295_cov_46.126984_g48707_i0	113.836727369696	-5.64853020099047	0.434446761069568	-13.0016625905653	1.19712071658161e-38	2.4754886424525297e-36
NODE_117871_length_179_cov_23.044118_g73890_i0	NODE_117871_length_179_cov_23.044118_g73890_i0	7744.50388900879	-1.20960073772978	0.0933256672900362	-12.9610724772061	2.03383911429312e-38	4.1378784818860296e-36
NODE_52881_length_1133_cov_348.866972_g15343_i0	NODE_52881_length_1133_cov_348.866972_g15343_i0	1432.76371564187	-1.17458450487996	0.0909836623561073	-12.9098397939035	3.96124347011752e-38	7.93128970350196e-36
NODE_68487_length_638_cov_1170.006723_g25203_i0	NODE_68487_length_638_cov_1170.006723_g25203_i0	122.256411856387	-3.59455904012012	0.279460398277162	-12.8624988094203	7.31723657000546e-38	1.44218159521951e-35
NODE_48268_length_1320_cov_237.943618_g4427_i2	NODE_48268_length_1320_cov_237.943618_g4427_i2	333.139239815326	1.94961519829474	0.152105567966644	12.8175136805135	1.3082877631279801e-37	2.53888336063021e-35
NODE_70819_length_582_cov_601.601113_g27209_i0	NODE_70819_length_582_cov_601.601113_g27209_i0	159.915274869004	3.00349319135776	0.235150118382652	12.7726628930302	2.33042991313366e-37	4.4539458976163604e-35
NODE_38233_length_1767_cov_716.494780_g6093_i1	NODE_38233_length_1767_cov_716.494780_g6093_i1	247.593391565808	-2.16618564657634	0.173649158156958	-12.4744955263093	1.02855540112247e-35	1.93644743727744e-33
NODE_64748_length_736_cov_454.318903_g22254_i0	NODE_64748_length_736_cov_454.318903_g22254_i0	842.248426708585	-1.2518991136012	0.101303228294021	-12.3579389786839	4.4132712973065997e-35	8.18661825650375e-33
NODE_86345_length_346_cov_337.092409_g42367_i0	NODE_86345_length_346_cov_337.092409_g42367_i0	2181.96608495247	-1.08472095018593	0.0879461379822055	-12.3339236386413	5.94784174730062e-35	1.08733443189058e-32
NODE_60194_length_876_cov_1059.810324_g19231_i0	NODE_60194_length_876_cov_1059.810324_g19231_i0	25667.1063807336	-0.840537112783048	0.0682713393827579	-12.3117126510532	7.83428659168014e-35	1.41173844382076e-32
NODE_45129_length_1451_cov_574.861506_g9030_i3	NODE_45129_length_1451_cov_574.861506_g9030_i3	749.76227392872	1.31705658265114	0.107446431004712	12.2577974003937	1.52591288893763e-34	2.71096692690976e-32
NODE_70679_length_586_cov_31.097606_g27086_i0	NODE_70679_length_586_cov_31.097606_g27086_i0	1356.68433772643	-1.02916840983004	0.08593446713829	-11.9762005177021	4.7353297922401496e-33	8.2960347221274e-31
NODE_41514_length_1611_cov_375.196429_g5989_i5	NODE_41514_length_1611_cov_375.196429_g5989_i5	2800.35992927182	-0.90182379298854	0.0753229260837542	-11.9727663259626	4.9355147387537896e-33	8.52829902940278e-31
NODE_43847_length_1509_cov_550.082538_g10_i9966	NODE_43847_length_1509_cov_550.082538_g10_i9966	385.454162245533	-1.64634879063413	0.139423596272274	-11.8082507886186	3.53846217366461e-32	6.03164349440613e-30
NODE_56699_length_993_cov_366.912632_g11784_i3	NODE_56699_length_993_cov_366.912632_g11784_i3	147.952175901156	2.82684398919034	0.239528914752821	11.8016816137103	3.82588520950751e-32	6.4346288043637e-30
NODE_59726_length_892_cov_348.687868_g18942_i0	NODE_59726_length_892_cov_348.687868_g18942_i0	2958.27114654853	-1.01150042230733	0.0858569287943632	-11.7812322955319	4.87747309806747e-32	8.095321797239879e-30
NODE_54889_length_1057_cov_1276.558185_g5029_i5	NODE_54889_length_1057_cov_1276.558185_g5029_i5	14544.3308133904	-0.92763551392712	0.0790161673680196	-11.7398191386155	7.96566138571921e-32	1.30492016518782e-29
NODE_115092_length_190_cov_495.394558_g71111_i0	NODE_115092_length_190_cov_495.394558_g71111_i0	664.393789187972	-1.65235176632173	0.141777378689274	-11.6545515342268	2.17522609456925e-31	3.51773102011494e-29
NODE_61094_length_847_cov_570.405473_g19772_i0	NODE_61094_length_847_cov_570.405473_g19772_i0	399.155036833676	-1.60491471609833	0.140618770976954	-11.4132324223013	3.59130645520882e-30	5.73427083873469e-28
NODE_40297_length_1668_cov_702.177231_g1000_i10	NODE_40297_length_1668_cov_702.177231_g1000_i10	424.274548004716	1.52337876142628	0.13353262934888	11.4082885123618	3.80135156209034e-30	5.99378107552595e-28
NODE_15196_length_3397_cov_257.655337_g3682_i0	NODE_15196_length_3397_cov_257.655337_g3682_i0	138.178258421133	2.79944659345464	0.245440245403595	11.4058172849824	3.91086872961732e-30	6.09033310560406e-28
NODE_60142_length_878_cov_520.293413_g10_i11991	NODE_60142_length_878_cov_520.293413_g10_i11991	3417.17023995599	-1.3411570209799	0.119501134637617	-11.2229647446186	3.14545263728329e-29	4.83862677642579e-27
NODE_62899_length_791_cov_493.272727_g18759_i1	NODE_62899_length_791_cov_493.272727_g18759_i1	3678.99323931377	-0.964836027718711	0.0861846371773491	-11.1949885654596	4.31457911543899e-29	6.55712059784908e-27
NODE_48698_length_1300_cov_944.549722_g7438_i6	NODE_48698_length_1300_cov_944.549722_g7438_i6	6560.98287643841	-0.743384424547458	0.0665159686946083	-11.1760294428023	5.34272657920601e-29	8.022994413107699e-27
NODE_51769_length_1179_cov_708.023768_g10_i11118	NODE_51769_length_1179_cov_708.023768_g10_i11118	5452.81914207382	-0.796478454866317	0.0714845599669133	-11.1419648555572	7.83709507234798e-29	1.16302490873644e-26
NODE_75813_length_484_cov_299.852608_g31909_i0	NODE_75813_length_484_cov_299.852608_g31909_i0	88.1030122617912	4.17811370390811	0.37886179548144	11.0280681603136	2.79810945968739e-28	4.10411078191823e-26
NODE_80050_length_419_cov_700.359043_g36088_i0	NODE_80050_length_419_cov_700.359043_g36088_i0	1045.68791642996	-1.0636037262799	0.0968475116158379	-10.9822514645381	4.65183232594133e-28	6.67151839057315e-26
NODE_43850_length_1509_cov_440.814461_g10_i9969	NODE_43850_length_1509_cov_440.814461_g10_i9969	508.166412012627	-1.36532600716591	0.124321681272086	-10.9822035319632	4.65430171531978e-28	6.67151839057315e-26
NODE_77157_length_462_cov_334.236277_g33225_i0	NODE_77157_length_462_cov_334.236277_g33225_i0	267.78407788348	1.83152896515858	0.167422178305929	10.9395838931915	7.45412353416673e-28	1.05647544112336e-25
NODE_51714_length_1181_cov_413.591388_g10_i11107	NODE_51714_length_1181_cov_413.591388_g10_i11107	285.127159068442	-1.73384735824588	0.158975292168273	-10.9063951674366	1.07432428810175e-27	1.50572517445728e-25
NODE_45882_length_1420_cov_477.941903_g10_i10290	NODE_45882_length_1420_cov_477.941903_g10_i10290	6378.73124605012	-0.811192852445617	0.0746564913784015	-10.8656707202329	1.6798423132482698e-27	2.3285198834410703e-25
NODE_39135_length_1724_cov_496.291493_g9155_i1	NODE_39135_length_1724_cov_496.291493_g9155_i1	239.609782846923	1.91476429709363	0.176599631556162	10.842402558947	2.16704003848891e-27	2.97120033103251e-25
NODE_54954_length_1055_cov_409.199605_g10_i11483	NODE_54954_length_1055_cov_409.199605_g10_i11483	190.281449454708	2.14644565940944	0.199099129593264	10.7807887648448	4.24232268767128e-27	5.7540492884178e-25
NODE_46785_length_1383_cov_489.832090_g10_i10422	NODE_46785_length_1383_cov_489.832090_g10_i10422	13117.2194176344	-0.735787042977579	0.0689033081314924	-10.678544513036	1.28266888014317e-26	1.72123247384318e-24
NODE_42578_length_1567_cov_421.926509_g10_i9763	NODE_42578_length_1567_cov_421.926509_g10_i9763	500.186902582258	-1.36256625117711	0.12807964714946	-10.6384291454761	1.97429677764705e-26	2.62145047928841e-24
NODE_73238_length_532_cov_1080.766871_g29440_i0	NODE_73238_length_532_cov_1080.766871_g29440_i0	22766.976843354	-0.813280780483163	0.0765797694861592	-10.6200473824899	2.40439047301191e-26	3.15926889860128e-24
NODE_25791_length_2476_cov_566.609125_g405_i6	NODE_25791_length_2476_cov_566.609125_g405_i6	202.342906226968	-1.95323338268644	0.184965381357125	-10.5599943532958	4.5668929776253197e-26	5.93884412574905e-24
NODE_31387_length_2129_cov_555.093960_g4675_i1	NODE_31387_length_2129_cov_555.093960_g4675_i1	323.207096004805	-1.55511708808317	0.148667238686578	-10.4603885955108	1.31315996843091e-25	1.69022447365178e-23
NODE_49917_length_1253_cov_290.352893_g14051_i1	NODE_49917_length_1253_cov_290.352893_g14051_i1	81.2349654692463	3.99241376722693	0.382036949763394	10.4503341095659	1.46009941325708e-25	1.86037313119443e-23
NODE_73189_length_533_cov_530.681633_g29393_i0	NODE_73189_length_533_cov_530.681633_g29393_i0	857.896622884558	-1.15641264114305	0.110742445686528	-10.442361408709	1.58810256515174e-25	2.00323257568241e-23
